# Fix print output for fix write
 0 -0.168769309985962 1.13862853644135 -0.0285124100909969 1.04995163335347
 0.0005 -0.102521710581513 1.47052135379319 0.282953796054353 1.89720001752693
 0.001 0.118303110104113 1.99779842509366 -0.955823205116217 2.05429128447858
 0.0015 -0.1310756152707 2.31557931288808 -0.745620287409894 2.39836775184582
 0.002 -0.052448070490485 2.55877543407498 1.81264797609444 3.69268685997341
 0.0025 0.0895896226553825 3.0767065706968 -0.59219150044574 2.78840351860617
 0.003 -0.227743010759266 3.54374790511426 -0.217623760818566 3.84154162918846
 0.0035 0.126554127037553 3.78883431211556 -0.0764409338151591 4.73191376190326
 0.004 0.362756405102563 4.25390269537907 0.293579883863896 4.26563235879549
 0.0045 -0.0427300135697394 4.75465066264425 0.261166998202985 5.00789753520681
 0.005 -0.24601791384288 4.99865899349688 -1.69441268250451 4.79762130753298
 0.0055 -0.494495906757387 5.48930453792417 -0.833846716013917 6.18869819628762
 0.006 -0.107058020962922 5.9701228005703 0.450265543274787 6.76294679481265
 0.0065 -0.0773668100095895 6.42071240010673 -0.211275800416741 6.80070118094406
 0.007 0.0952148849120505 6.71501477446637 0.991360261302661 7.42698499703683
 0.0075 0.0760959091924394 7.13856310882702 0.174090525409331 7.99383076897195
 0.008 -0.00460536973777286 7.47486775324415 0.301890583787203 8.49609397847812
 0.0085 -0.168204252506028 7.95124373702603 0.187078165887372 8.97013253648489
 0.009 0.152378692235846 8.11464824060988 -0.143292877265404 9.3591056043999
 0.0095 0.497021569575513 8.82431893532737 1.07360388523325 9.38648107471444
 0.01 -0.17944430680016 9.25130969014167 -0.34525167171596 10.1567528817866
 0.0105 -0.254699602953484 9.43974821508986 0.103148146176602 10.2429994696808
 0.011 0.0594597034100715 9.96486288392639 -1.50775760936542 11.316319097622
 0.0115 0.30927705542786 10.4294170087391 0.485150168501453 11.4952627559001
 0.012 0.145731643168309 10.7536480093594 1.08939366849906 12.4373023123503
 0.0125 0.213762585988522 11.1054110927672 0.760988125255246 12.5893487757104
 0.013 -0.249942557605303 11.4804026520246 0.260980534329784 12.5325101564427
 0.0135 -0.306886543331685 11.7455377669935 0.495803573916965 13.2782079400578
 0.014 0.207024499391035 12.1666616433736 -0.352208347670225 13.6491262675913
 0.0145 -0.392938882284581 12.9684692861177 -0.794164569368321 14.2296852843417
 0.015 -0.293968103419024 12.8978805851185 -0.833616999819119 14.1207533084109
 0.0155 0.0351838691550576 13.7490683861041 0.448689702413847 15.0209944069636
 0.016 0.214687269822067 14.0621046434381 1.00345122178803 15.5072655124429
 0.0165 -0.0661772091689813 14.3056713398501 -0.952232228117063 15.7735117152158
 0.017 0.154945535633918 14.6041510746328 -0.696136846402956 16.3864891135016
 0.0175 0.168617965815745 14.9103632744765 0.691621159985201 16.6133090548568
 0.018 -0.0273120935798031 15.4627622487979 -0.340769108239701 16.4305381391236
 0.0185 -0.186372740141265 15.8091263321888 -0.320968884786849 17.3069390194986
 0.019 0.0409662952303645 16.1943203564614 -0.0402229142562793 17.5698739703916
 0.0195 -0.25708737094528 16.763864112324 -1.10895457818574 18.2510284010302
 0.02 0.304190759864377 17.1961539640674 0.336665089362687 19.2272075688254
 0.02 0.304233757617192 17.1966716561535 0.33670801150562 19.2277304129231
 0.02 0.293042387879213 17.092823634332 0.134175064495958 18.5952707912107
 0.02 0.23711415800963 17.2477177966548 0.277095863167573 18.7700631973912
 0.02 -0.101178060558985 17.1401736858474 -0.550263188440728 18.7893845535049
 0.02 -0.307644225867399 17.1045934453738 0.153781726963779 18.7702226440436
 0.02 -0.235104501413683 16.8385181333733 1.10387723755826 18.8607477286501
 0.02 -0.195449572385009 17.1864439364403 -0.707028620959444 18.8401304763229
 0.02 0.28216736722409 16.942745770238 -0.426890113438723 18.686930081811
 0.02 0.303984889279534 17.0207297483224 -0.0561746595913914 18.8412768164692
 0.02 0.263073774425856 17.1196282160491 -0.238555462659073 18.9809870104971
 0.02 0.175439153764828 17.1466929473922 -0.506566143440121 18.7991686923287
 0.02 0.0945121579385119 16.7382015446258 0.367189006295163 18.806363615731
 0.02 -0.191165487345791 16.8662879090095 0.127706243425027 18.9916556589956
 0.02 -0.361203853742989 17.1279159834344 0.0500529911034338 19.0567390663898
 0.02 -0.357284286690136 16.952987837725 -1.1905207486163 18.6492237104634
 0.02 -0.0966703985244326 16.9760779748682 0.00048442051614759 18.4855552993734
 0.02 0.0795945677936816 16.9172650158227 0.671871447655869 18.7891402592255
 0.02 0.12303403024171 17.0058864314399 -0.937763875019826 18.4735951250568
 0.02 0.233299993219315 17.1422934983126 -0.0456008533923984 18.8671068057862
 0.02 0.0305316427122848 16.9576630714316 1.13990771414449 19.2371829750516
 0.02 0.0611808320800726 17.2350547724309 -0.22100057895646 19.128186811082
 0.02 0.061180832080072 17.2350547724309 -0.22100057895646 19.128186811082
 0.0205 0.31775631785089 17.2201909266687 0.389260134735787 18.9872786052179
 0.021 0.437577189339656 17.8070504587563 1.00643610980116 19.4218103262004
 0.0215 0.0237778350365511 18.2501818453416 -0.145639129253887 19.7827034662101
 0.022 -0.0653424805118543 18.6262081112137 0.0367598500683719 20.1126701213374
 0.0225 0.230122651824835 18.8876096893304 1.1642466741476 20.8233023384556
 0.023 -0.311265852488787 19.1136938762249 -0.342127034694737 20.9297033357627
 0.0235 -0.00297835966785207 19.8865587335017 0.249639387836277 21.3477199544945
 0.024 0.003580300541272 20.1417766713021 0.210174039901792 22.0951676635768
 0.0245 -0.297990723247594 20.5874863874364 -0.434047593394055 22.8256203124831
 0.025 -0.120921023374478 20.8737941883428 0.557003813900682 23.047763786956
 0.0255 -0.0443706843796264 21.3858002302672 0.688915920809061 23.4543196092786
 0.026 -0.341625813531824 21.7415147724384 -0.11421447740134 23.7740002365132
 0.0265 -0.30361069076645 22.210709376088 -0.21167806704361 24.6439122292019
 0.027 -0.107826888041089 22.2720749980349 -0.657663605170663 24.5295626184075
 0.0275 -0.124806071429966 22.7923980414467 -0.62892968335835 24.3906652785261
 0.028 0.014293182052949 23.2335771034709 0.0742406322193737 25.0205164230468
 0.0285 -0.0982535309732253 23.7386718757174 -0.96030758395644 25.8869643941967
 0.029 0.150206572074368 24.2012889273829 0.346199011163818 26.6197931364321
 0.0295 0.224680175525047 24.6149784413071 -0.0736672080853028 27.3266495466284
 0.03 0.316041184853491 25.1538834118992 0.837130173697353 27.6050289714974
 0.0305 0.480075086802817 25.4130511324017 0.500150546549269 27.4837337040756
 0.031 -0.151565511013683 25.6812008698432 -0.0141385339482732 28.0555745786895
 0.0315 0.196785884329317 25.9906525763932 0.281932287074235 27.9831641723674
 0.032 0.0979442271986838 26.3617182726228 0.385093685500186 29.1948674771011
 0.0325 0.314384768195184 26.7287377644474 0.627382166211849 29.1993847320706
 0.033 0.150685129346373 27.2732166045979 -0.849102804337505 29.855766616966
 0.0335 0.379953392012476 27.597123012525 1.75375427551986 30.4099965898679
 0.034 0.160877727594243 28.0045212441961 -0.231718500228366 30.7510706515673
 0.0345 0.282706223696159 28.45319920543 -1.1419159787956 30.7983760838075
 0.035 0.185677923764791 28.7138316951741 1.21984396663376 31.3375796948517
 0.0355 -0.165416807270073 29.1800532444586 -1.33945117088777 31.7644386053353
 0.036 0.142901732648222 29.4688132629546 -0.143682513716615 32.0844729766098
 0.0365 -0.111409898346956 29.8296349599508 -1.07699601817142 32.0333801290269
 0.037 -0.0742889365120167 30.2601500921878 -0.412402912442195 33.4696045322772
 0.0375 0.00945806847841647 30.6052060066355 -0.378426294263464 33.362266157073
 0.038 -0.09562248371752 30.7755101915969 -0.15613154648076 33.7802944788909
 0.0385 0.307447510169425 31.4256475869483 0.487098983397687 34.2036382815573
 0.039 0.321799808003689 31.8231580844335 1.04870190631346 35.0492489279261
 0.0395 0.0929654329076945 32.3388256082156 0.158877066316584 35.2621729315926
 0.04 0.0600045125777109 32.3621065585529 0.00257619864422823 35.4030451748662
 0.0405 -0.108608963161792 32.8230870693407 -0.217292124075824 36.2333163214598
 0.041 -0.39349265984778 33.156779076938 -1.52857786715831 35.9138975996783
 0.0415 -0.457406659166194 33.4010179731032 -0.993349542545915 36.471039712147
 0.042 -0.283015411426008 33.8456765082053 -0.16710899281621 37.0384300238321
 0.0425 -0.0620330649911145 34.3510177950879 -0.859210289615243 37.0383286685947
 0.043 0.00129807856534305 34.6605322595606 -0.598947241394024 38.0744931372578
 0.0435 -0.216827144962843 35.0113185103923 0.422060581802629 38.1013196448081
 0.044 -0.125355133038229 35.5465974234154 -1.43772566078395 38.6732191101445
 0.0445 -0.0662303938897728 35.9257131352862 0.424558596757964 39.1737249455358
 0.045 0.166511921096324 36.1719317775207 -0.314229514817303 39.6958707887977
 0.0455 0.2287779581916 36.5725262258433 -0.368646627192329 39.2318787965567
 0.046 0.51458442955787 37.0277682999476 0.340790900764174 40.4579795405148
 0.0465 0.0757187769803185 37.3137305221227 0.747562169423464 40.7298373013591
 0.047 0.0926445083205027 37.6803436455205 0.350434376517684 41.128688345859
 0.0475 0.500041421158025 38.0271389162553 0.331871645557344 41.2864386354455
 0.048 -0.00396945631712676 38.3614026257223 0.128127325757611 41.7706254500841
 0.0485 0.172880810247098 38.5542345011034 0.331809812150496 42.0959605888917
 0.049 -0.13142928530618 39.2810709308641 -0.00656380108803002 42.6290572957734
 0.0495 0.616410555756676 39.5142380664252 0.857219787147588 42.9378186462003
 0.05 -0.0127112080707654 39.8138456574814 0.386585010024191 43.5893131377985
 0.0505 0.15089759687468 40.2219691177819 0.0824460097476019 44.0076278996418
 0.051 0.22985082187834 40.5748972982889 0.188549613233279 44.7697993473749
 0.0515 -0.0959480265295682 41.0128857605682 0.485466972736151 44.8934793731369
 0.052 -0.568685203676233 41.251674983375 -0.732268741182613 45.1661699479325
 0.0525 -0.1824596431166 41.4189678123669 -0.524362579872859 45.3187461649672
 0.053 -0.238477371509664 41.7817426742629 -0.774274784414407 45.7243262804366
 0.0535 -0.0906413499924337 42.295260450501 -0.095814633894191 46.1486036955857
 0.054 -0.0174255393455571 42.6857433562286 0.0349801612450245 46.4457060203698
 0.0545 -0.212896030144789 42.8838204712589 -1.13582384927846 46.9299830162556
 0.055 0.151083256630642 43.3299743317486 0.758260172582574 47.3786425122111
 0.0555 0.278112068078433 43.5982340841945 1.54401368266399 47.9640038209806
 0.056 -0.0120502486960313 43.5770834816915 -0.941259090022049 48.3640662379292
 0.0565 -0.415223070818943 41.8244027089186 -1.02956318093403 48.4163070152073
 0.057 0.193343697202989 41.5780453628525 0.564040370733808 48.7688345290951
 0.0575 0.339315979500104 41.6065058588854 0.406028992436419 49.3590560044569
 0.058 -0.119219992626798 41.9043596005053 -0.558618095909217 49.7056341309749
 0.0585 -0.220714562796668 39.4457753247705 -0.310548482614473 50.4020197593572
 0.059 -0.0117094329580703 27.1139177313816 -1.18875764143256 38.1983243729612
 0.0595 0.283725907371357 2.63460667252484 0.388626671240949 1.93108722053859
 0.06 -0.0798398078561593 -2.56690036610606 -1.87046801068579 -3.24437405593235
 0.0605 -0.100210388908962 4.32622827193032 1.4996282084482 3.23659379176434
 0.061 -0.150574890855299 -0.123145617562918 0.298913417580155 1.03805658841667
 0.0615 -0.475808274426982 1.27575058725697 -2.13357693440452 -0.671721754221702
 0.062 -0.427649177896191 2.51753741998506 -1.58798004024897 2.11336597543241
 0.0625 0.137283669242527 1.69358998802027 -0.671696385666509 3.21855534454201
 0.063 -0.140691511669803 1.77556845489915 -0.335056172566215 1.94714718565383
 0.0635 -0.0812135040780555 0.95320228873264 -0.333183965892826 1.54819813032416
 0.064 -0.213838606625339 1.87132259012411 -0.478173488077951 0.273469044883836
 0.0645 -0.340001379315595 3.26558980225701 1.20589551136035 4.4717495616109
 0.065 -0.0959783469795578 1.86549222465378 -1.27777634211818 4.36584925873855
 0.0655 -0.0225710121434384 1.91675079103367 -0.757063491442902 1.92087154337817
 0.066 0.171939135094807 3.09357910512607 -1.3122286396714 5.99583331308066
 0.0665 -0.00580009454271844 1.21040613312065 0.301637303139191 1.42013700085543
 0.067 0.178130903351309 2.21393248646578 -0.469419489810463 4.43264992058749
 0.0675 0.335210302502914 3.40321884022991 2.89811633533757 6.41121629915833
 0.068 0.187701986440127 1.7236848843268 -0.931123782781832 1.85957029396003
 0.0685 -0.333281660809088 2.63990427134113 -0.282080345611285 4.46331756560189
 0.069 -0.111405187953329 3.34697130314302 -0.0572644673211488 2.92482984180508
 0.0695 0.0901970173762393 2.85260673606511 -1.35157176300471 3.62113911016943
 0.07 -0.0565927309380206 2.81740443974772 0.616629210452095 3.6857648805295
